2240 2063 2 1 1.000000
2368 2063 3 1 1.000000
2667 2062 1 1 1.000000
4544 2110 2 1 1.000000
5099 2110 1 1 1.000000
5675 2110 0 1 1.000000
6229 2111 0 1 1.000000
6784 2110 0 1 1.000000
10816 2063 2 1 1.000000
11285 2110 0 1 1.000000
11520 2063 3 1 1.000000
11669 2063 1 1 1.000000
11797 2062 1 1 1.000000
11947 2063 3 1 1.000000
12096 2062 0 1 1.000000
12224 2062 0 1 1.000000
12373 2061 3 1 1.000000
12501 2060 3 1 1.000000
12651 2062 1 1 1.000000
12779 2062 1 1 1.000000
12928 2063 1 1 1.000000
13077 2062 0 1 1.000000
13227 2062 2 1 1.000000
13355 2062 3 1 1.000000
13504 2062 2 1 1.000000
13632 2062 0 1 1.000000
13781 2062 2 1 1.000000
13909 2063 2 1 1.000000
14059 2063 3 1 1.000000
14187 2062 3 1 1.000000
14336 2063 3 1 1.000000
14485 2063 1 1 1.000000
14613 2062 0 1 1.000000
14763 2063 1 1 1.000000
14912 2062 0 1 1.000000
15040 2062 3 1 1.000000
15189 2063 1 1 1.000000
15317 2062 1 1 1.000000
15467 2063 2 1 1.000000
15616 2063 2 1 1.000000
15744 2063 2 1 1.000000
15893 2063 0 1 1.000000
16149 2062 1 1 1.000000
16299 2063 0 1 1.000000
16448 2062 2 1 1.000000
16597 2063 2 1 1.000000
16747 2063 3 1 1.000000
17003 2063 1 1 1.000000
17152 2063 2 1 1.000000
17280 2063 1 1 1.000000
17579 2062 3 1 1.000000
17707 2063 0 1 1.000000
17856 2062 1 1 1.000000
18005 2062 0 1 1.000000
18133 2063 0 1 1.000000
18283 2063 2 1 1.000000
18411 2062 3 1 1.000000
18560 2063 1 1 1.000000
18709 2062 0 1 1.000000
18837 2062 0 1 1.000000
18987 2063 2 1 1.000000
19115 2062 2 1 1.000000
19264 2063 3 1 1.000000
19413 2063 1 1 1.000000
19541 2063 1 1 1.000000
19819 2062 1 1 1.000000
20565 2109 3 1 1.000000
21141 2109 3 1 1.000000
23232 2109 3 1 1.000000
23659 2108 2 1 1.000000
23765 2061 2 1 1.000000
24043 2064 0 1 1.000000
24192 2062 2 1 1.000000
24469 2062 1 1 1.000000
25067 2110 1 1 1.000000
25301 2062 0 1 1.000000
25579 2062 1 1 1.000000
26197 2110 0 1 1.000000
26624 2109 2 1 1.000000
26709 2063 1 1 1.000000
27605 2109 2 1 1.000000
27691 2063 1 1 1.000000
28309 2109 1 1 1.000000
28395 2062 3 1 1.000000
29867 2109 0 1 1.000000
29952 2062 0 1 1.000000
30549 2109 3 1 1.000000
31253 2109 1 1 1.000000
32107 2109 0 1 1.000000
32192 2063 3 1 1.000000
32491 2064 1 1 1.000000
32747 2063 0 1 1.000000
32896 2064 2 1 1.000000
33387 2110 3 1 1.000000
34219 2109 3 1 1.000000
34773 2109 2 1 1.000000
35008 2063 3 1 1.000000
35285 2063 3 1 1.000000
35755 2109 2 1 1.000000
36757 2109 2 1 1.000000
36843 2063 1 1 1.000000
37440 2109 3 1 1.000000
37547 2062 2 1 1.000000
38997 2109 2 1 1.000000
39083 2062 2 1 1.000000
39701 2109 2 1 1.000000
40277 2110 0 1 1.000000
45845 2063 1 1 1.000000
45973 2062 0 1 1.000000
47147 2109 2 1 1.000000
48832 2110 1 1 1.000000
49408 2110 2 1 1.000000
52437 2062 0 1 1.000000
53056 2110 0 1 1.000000
53632 2109 3 1 1.000000
55168 2109 1 1 1.000000
56299 2109 2 1 1.000000
60331 2063 3 1 1.000000
60928 2108 0 1 1.000000
61035 2062 0 1 1.000000
61504 2109 0 1 1.000000
61589 2063 2 1 1.000000
62059 2110 3 1 1.000000
62144 2063 0 1 1.000000
62443 2063 3 1 1.000000
62571 2062 2 1 1.000000
62699 2063 2 1 1.000000
63168 2110 2 1 1.000000
63275 2064 2 1 1.000000
63573 2063 0 1 1.000000
63701 2062 1 1 1.000000
63829 2063 0 1 1.000000
67477 2062 1 1 1.000000
68245 2109 3 1 1.000000
68949 2109 0 1 1.000000
69056 2062 0 1 1.000000
69931 2110 1 1 1.000000
70165 2062 0 1 1.000000
70443 2063 1 1 1.000000
70741 2062 3 1 1.000000
70869 2062 0 1 1.000000
71616 2109 3 1 1.000000
72171 2110 2 1 1.000000
73259 2110 2 1 1.000000
73451 2063 0 1 1.000000
74475 2109 1 1 1.000000
74816 2109 2 1 1.000000
75136 2110 1 1 1.000000
75797 2110 2 1 1.000000
76779 2110 2 1 1.000000
77099 2110 1 1 1.000000
77440 2110 0 1 1.000000
78080 2110 1 1 1.000000
78400 2110 1 1 1.000000
79061 2109 0 1 1.000000
79403 2109 2 1 1.000000
80064 2109 0 1 1.000000
80704 2108 2 1 1.000000
81365 2110 0 1 1.000000
81707 2110 3 1 1.000000
82027 2109 0 1 1.000000
82347 2109 0 1 1.000000
82667 2110 1 1 1.000000
83669 2110 1 1 1.000000
84331 2109 0 1 1.000000
84651 2109 2 1 1.000000
84971 2109 0 1 1.000000
85632 2109 3 1 1.000000
86293 2110 0 1 1.000000
87616 2110 3 1 1.000000
87936 2109 0 1 1.000000
88256 2109 2 1 1.000000
88917 2110 1 1 1.000000
89237 2110 0 1 1.000000
89557 2109 3 1 1.000000
90219 2109 0 1 1.000000
92523 2109 1 1 1.000000
92864 2110 1 1 1.000000
94827 2109 0 1 1.000000
95147 2109 1 1 1.000000
95339 2063 2 1 1.000000
95851 2110 1 1 1.000000
96320 2109 0 1 1.000000
96512 2062 3 1 1.000000
97024 2109 1 1 1.000000
97493 2110 1 1 1.000000
97963 2110 0 1 1.000000
98155 2063 1 1 1.000000
99136 2110 3 1 1.000000
99328 2064 0 1 1.000000
100544 2110 1 1 1.000000
101013 2110 3 1 1.000000
101205 2062 0 1 1.000000
102187 2109 2 1 1.000000
102357 2062 1 1 1.000000
102592 2062 1 1 1.000000
103125 2109 1 1 1.000000
103317 2062 2 1 1.000000
103552 2061 0 1 1.000000
104277 2110 1 1 1.000000
104469 2062 0 1 1.000000
105451 2110 2 1 1.000000
105643 2063 1 1 1.000000
106176 2110 3 1 1.000000
106347 2062 3 1 1.000000
106581 2062 0 1 1.000000
107349 2110 3 1 1.000000
107520 2062 3 1 1.000000
107755 2063 0 1 1.000000
108267 2109 3 1 1.000000
108459 2062 0 1 1.000000
108971 2109 0 1 1.000000
109163 2062 0 1 1.000000
109696 2110 3 1 1.000000
111083 2109 1 1 1.000000
111275 2062 3 1 1.000000
111509 2063 1 1 1.000000
112256 2110 1 1 1.000000
112448 2062 1 1 1.000000
112683 2062 1 1 1.000000
112917 2063 2 1 1.000000
113429 2109 3 1 1.000000
113621 2063 2 1 1.000000
114133 2109 1 1 1.000000
114603 2109 1 1 1.000000
114795 2063 2 1 1.000000
115008 2063 1 1 1.000000
115776 2109 1 1 1.000000
115968 2062 2 1 1.000000
116203 2062 1 1 1.000000
116437 2064 2 1 1.000000
116672 2063 0 1 1.000000
116907 2062 3 1 1.000000
117419 2110 1 1 1.000000
117611 2063 1 1 1.000000
118123 2109 0 1 1.000000
118592 2109 1 1 1.000000
118784 2062 1 1 1.000000
119531 2109 3 1 1.000000
119701 2063 1 1 1.000000
120469 2110 2 1 1.000000
120640 2062 0 1 1.000000
121408 2109 3 1 1.000000
121579 2063 2 1 1.000000
121835 2062 1 1 1.000000
122048 2063 0 1 1.000000
122560 2109 2 1 1.000000
122773 2062 2 1 1.000000
122987 2063 1 1 1.000000
123499 2110 2 1 1.000000
123691 2062 1 1 1.000000
123925 2062 1 1 1.000000
124160 2062 2 1 1.000000
124395 2063 3 1 1.000000
124629 2063 3 1 1.000000
124864 2063 1 1 1.000000
125397 2110 0 1 1.000000
125568 2062 2 1 1.000000
125803 2063 2 1 1.000000
126037 2063 3 1 1.000000
126549 2109 1 1 1.000000
126741 2061 3 1 1.000000
126997 2062 2 1 1.000000
127211 2063 2 1 1.000000
127467 2062 1 1 1.000000
127680 2062 1 1 1.000000
127915 2063 3 1 1.000000
128149 2062 2 1 1.000000
128384 2063 1 1 1.000000
128619 2063 3 1 1.000000
128853 2063 2 1 1.000000
129088 2063 1 1 1.000000
129323 2063 1 1 1.000000
129557 2064 0 1 1.000000
129792 2063 3 1 1.000000
130539 2110 2 1 1.000000
130731 2063 1 1 1.000000
130965 2063 1 1 1.000000
131200 2062 1 1 1.000000
131712 2109 2 1 1.000000
131904 2062 1 1 1.000000
132139 2062 0 1 1.000000
132651 2109 3 1 1.000000
132843 2062 3 1 1.000000
133077 2062 3 1 1.000000
133312 2062 2 1 1.000000
133547 2061 2 1 1.000000
133781 2062 3 1 1.000000
134016 2062 1 1 1.000000
134251 2063 0 1 1.000000
134485 2063 3 1 1.000000
134720 2062 1 1 1.000000
134955 2062 3 1 1.000000
135189 2062 1 1 1.000000
135701 2110 2 1 1.000000
135893 2063 1 1 1.000000
136107 2063 0 1 1.000000
136341 2062 2 1 1.000000
136597 2063 3 1 1.000000
136811 2064 2 1 1.000000
137067 2063 1 1 1.000000
137301 2063 0 1 1.000000
137536 2062 0 1 1.000000
137749 2063 3 1 1.000000
137984 2063 1 1 1.000000
138517 2110 2 1 1.000000
138688 2062 3 1 1.000000
138944 2063 2 1 1.000000
139456 2109 3 1 1.000000
140139 2110 2 1 1.000000
140843 2109 2 1 1.000000
