2219 2062 3 1 1.000000
2368 2062 0 1 1.000000
2496 2062 1 1 1.000000
2645 2062 0 1 1.000000
2795 2062 3 1 1.000000
2923 2063 3 1 1.000000
3072 2063 1 1 1.000000
3221 2062 3 1 1.000000
3349 2063 1 1 1.000000
3627 2062 1 1 1.000000
3776 2062 0 1 1.000000
3925 2062 1 1 1.000000
4053 2063 2 1 1.000000
4331 2062 0 1 1.000000
4480 2063 1 1 1.000000
4608 2063 1 1 1.000000
4757 2063 1 1 1.000000
4907 2063 1 1 1.000000
5056 2062 0 1 1.000000
5184 2062 3 1 1.000000
5312 2063 0 1 1.000000
5611 2063 0 1 1.000000
5739 2063 1 1 1.000000
5888 2063 3 1 1.000000
6016 2063 0 1 1.000000
6315 2063 1 1 1.000000
6443 2063 2 1 1.000000
6592 2063 0 1 1.000000
6720 2062 1 1 1.000000
6997 2063 0 1 1.000000
7147 2063 2 1 1.000000
7296 2063 2 1 1.000000
7573 2063 2 1 1.000000
7701 2063 3 1 1.000000
8000 2062 3 1 1.000000
8277 2062 2 1 1.000000
8405 2063 3 1 1.000000
8640 2062 3 1 1.000000
8896 2063 1 1 1.000000
9109 2062 1 1 1.000000
9835 2109 0 1 1.000000
10048 2062 0 1 1.000000
10283 2063 1 1 1.000000
10517 2062 0 1 1.000000
10752 2062 3 1 1.000000
10987 2061 1 1 1.000000
11221 2062 0 1 1.000000
11733 2109 0 1 1.000000
11925 2062 0 1 1.000000
12437 2109 3 1 1.000000
12629 2062 0 1 1.000000
12821 2016 2 2 1.000000
13056 1781 1 2 1.000000
13291 1547 0 2 1.000000
13525 1312 1 2 1.000000
13803 1126 1 2 1.000000
16725 1218 1 1 1.000000
17173 1453 0 1 1.000000
17643 1688 0 1 1.000000
18112 1922 2 1 1.000000
18773 2110 3 1 1.000000
18965 2063 3 1 1.000000
19712 2110 0 1 1.000000
19904 2063 3 1 1.000000
20416 2109 1 1 1.000000
20608 2062 2 1 1.000000
21120 2109 0 1 1.000000
21312 2062 3 1 1.000000
21824 1639 0 2 1.000000
22037 1406 3 2 1.000000
24299 1078 0 1 1.000000
25195 1500 3 1 1.000000
25664 1734 2 1 1.000000
26133 1968 0 1 1.000000
26496 2109 0 1 1.000000
26688 2063 2 1 1.000000
26923 2062 0 1 1.000000
27456 2109 3 1 1.000000
27627 2063 3 1 1.000000
27861 2063 0 1 1.000000
28096 2062 2 1 1.000000
28331 2063 3 1 1.000000
28565 2063 0 1 1.000000
29077 2109 2 1 1.000000
29269 2063 1 1 1.000000
29504 2062 1 1 1.000000
29739 2062 3 1 1.000000
29973 2062 3 1 1.000000
30208 2062 2 1 1.000000
30720 2109 2 1 1.000000
30912 2062 3 1 1.000000
31147 2063 1 1 1.000000
31659 2109 3 1 1.000000
31851 2063 1 1 1.000000
32085 2064 2 1 1.000000
32320 2063 2 1 1.000000
32555 2062 1 1 1.000000
32789 2063 2 1 1.000000
33024 2063 2 1 1.000000
33259 2063 3 1 1.000000
33771 2110 2 1 1.000000
33963 2063 1 1 1.000000
34475 2109 0 1 1.000000
34667 2063 1 1 1.000000
34901 2062 1 1 1.000000
35136 2062 2 1 1.000000
35371 2063 2 1 1.000000
35605 2062 2 1 1.000000
35840 2062 3 1 1.000000
36075 2062 0 1 1.000000
36309 2063 1 1 1.000000
36544 2063 2 1 1.000000
36757 2062 0 1 1.000000
37013 2062 3 1 1.000000
37227 2063 1 1 1.000000
37483 2062 3 1 1.000000
37696 2063 3 1 1.000000
37931 2063 2 1 1.000000
38464 2109 0 1 1.000000
38656 2062 1 1 1.000000
38869 2062 2 1 1.000000
39104 2062 0 1 1.000000
39360 2062 1 1 1.000000
39595 2062 3 1 1.000000
40107 2110 2 1 1.000000
40277 2062 3 1 1.000000
40789 2109 1 1 1.000000
40981 2062 2 1 1.000000
41216 2063 1 1 1.000000
41451 2063 3 1 1.000000
41707 2063 3 1 1.000000
41920 2063 3 1 1.000000
42155 2062 1 1 1.000000
42389 2062 0 1 1.000000
42624 2063 1 1 1.000000
42859 2062 2 1 1.000000
43093 2063 0 1 1.000000
43328 2063 2 1 1.000000
43584 2063 1 1 1.000000
43797 2063 0 1 1.000000
44053 2063 0 1 1.000000
44267 2063 0 1 1.000000
44779 2109 0 1 1.000000
44971 2063 2 1 1.000000
45205 2062 1 1 1.000000
45440 2062 3 1 1.000000
45675 2062 0 1 1.000000
45909 2062 3 1 1.000000
46144 2062 0 1 1.000000
46379 2062 1 1 1.000000
46613 2061 2 1 1.000000
46848 2063 0 1 1.000000
47083 2062 3 1 1.000000
47317 2062 1 1 1.000000
47552 2062 0 1 1.000000
47787 2062 1 1 1.000000
48021 2063 2 1 1.000000
48256 2062 0 1 1.000000
48491 2062 3 1 1.000000
48725 2063 0 1 1.000000
48960 2064 0 1 1.000000
49237 2118 0 1 1.000000
49472 2110 3 1 1.000000
49707 2110 1 1 1.000000
49941 2110 3 1 1.000000
50176 2110 0 1 1.000000
50411 2110 1 1 1.000000
50645 2114 0 1 1.000000
50880 2110 0 1 1.000000
51115 2109 1 1 1.000000
51307 2055 1 1 1.000000
51883 2163 2 1 1.000000
52245 2301 2 1 1.000000
52480 2296 0 1 1.000000
52672 2283 2 1 1.000000
52907 2297 0 1 1.000000
53141 2297 0 1 1.000000
53376 2297 0 1 1.000000
53611 2296 3 1 1.000000
53781 2267 1 1 1.000000
54016 2280 1 1 1.000000
54208 2254 0 1 1.000000
54315 2059 3 1 1.000000
54549 2066 3 1 1.000000
54784 2044 0 1 1.000000
55061 2109 0 1 1.000000
55403 2220 3 1 1.000000
55637 2222 1 1 1.000000
55872 2219 0 1 1.000000
56107 2217 0 1 1.000000
56619 2264 2 1 1.000000
56811 2218 3 1 1.000000
57045 2219 2 1 1.000000
57216 2171 2 1 1.000000
57451 2055 2 1 1.000000
57707 2060 2 1 1.000000
57920 2063 0 1 1.000000
58176 2063 2 1 1.000000
58389 2062 1 1 1.000000
58645 2062 1 1 1.000000
58859 2062 0 1 1.000000
59093 2062 2 1 1.000000
59328 2062 2 1 1.000000
59563 2063 0 1 1.000000
59797 2063 2 1 1.000000
60032 2062 3 1 1.000000
60267 2062 1 1 1.000000
60779 2109 3 1 1.000000
60971 2063 2 1 1.000000
61227 2063 1 1 1.000000
61440 2061 1 1 1.000000
61675 2063 3 1 1.000000
61909 2062 2 1 1.000000
62144 2062 1 1 1.000000
62379 2062 1 1 1.000000
62613 2063 1 1 1.000000
63125 2109 2 1 1.000000
63317 2063 1 1 1.000000
63552 2063 0 1 1.000000
63787 2063 1 1 1.000000
64021 2062 0 1 1.000000
64256 2064 0 1 1.000000
64491 2062 0 1 1.000000
64725 2062 1 1 1.000000
64960 2062 2 1 1.000000
65195 2062 0 1 1.000000
65429 2062 0 1 1.000000
65664 2062 1 1 1.000000
65899 2063 2 1 1.000000
66133 2062 0 1 1.000000
66368 2063 2 1 1.000000
66603 2063 2 1 1.000000
66837 2063 1 1 1.000000
67072 2063 2 1 1.000000
67307 2063 1 1 1.000000
67541 2063 0 1 1.000000
67776 2062 3 1 1.000000
68011 2064 1 1 1.000000
68245 2063 3 1 1.000000
68480 2062 1 1 1.000000
68715 2063 3 1 1.000000
68928 2063 2 1 1.000000
69184 2062 1 1 1.000000
69397 2063 3 1 1.000000
69653 2062 2 1 1.000000
69888 2063 0 1 1.000000
70123 2063 2 1 1.000000
70357 2062 3 1 1.000000
70592 2063 0 1 1.000000
70827 2062 1 1 1.000000
71061 2062 2 1 1.000000
71296 2063 2 1 1.000000
71531 2062 1 1 1.000000
71765 2063 3 1 1.000000
71979 2062 0 1 1.000000
72235 2062 0 1 1.000000
72448 2062 1 1 1.000000
72704 2061 3 1 1.000000
72917 2063 1 1 1.000000
73152 2062 0 1 1.000000
73387 2061 3 1 1.000000
73621 2062 0 1 1.000000
74155 2110 2 1 1.000000
74347 2063 3 1 1.000000
75307 2110 3 1 1.000000
77205 2109 3 1 1.000000
77376 2062 0 1 1.000000
77611 2063 1 1 1.000000
77867 2063 2 1 1.000000
78080 2063 2 1 1.000000
78336 2063 3 1 1.000000
78549 2063 0 1 1.000000
78784 2062 2 1 1.000000
79019 2061 3 1 1.000000
79253 2062 1 1 1.000000
79488 2062 2 1 1.000000
79723 2063 1 1 1.000000
79957 2062 3 1 1.000000
80192 2062 0 1 1.000000
80427 2062 1 1 1.000000
80661 2062 3 1 1.000000
80896 2062 3 1 1.000000
81131 2063 1 1 1.000000
81365 2063 0 1 1.000000
81600 2063 0 1 1.000000
81835 2063 1 1 1.000000
82069 2062 2 1 1.000000
82304 2062 1 1 1.000000
82539 2063 2 1 1.000000
82773 2063 1 1 1.000000
83008 2063 2 1 1.000000
83243 2063 1 1 1.000000
83477 2062 3 1 1.000000
83712 2062 2 1 1.000000
83947 2063 3 1 1.000000
84181 2063 0 1 1.000000
84416 2063 1 1 1.000000
84651 2063 3 1 1.000000
84885 2063 0 1 1.000000
85120 2063 2 1 1.000000
85355 2062 3 1 1.000000
85589 2063 3 1 1.000000
85824 2063 1 1 1.000000
86037 2062 1 1 1.000000
86293 2063 3 1 1.000000
86528 2063 1 1 1.000000
86763 2063 0 1 1.000000
86997 2063 0 1 1.000000
87232 2062 1 1 1.000000
87467 2063 0 1 1.000000
87701 2062 1 1 1.000000
87936 2062 2 1 1.000000
88171 2062 2 1 1.000000
88405 2062 3 1 1.000000
88640 2064 1 1 1.000000
89152 2109 3 1 1.000000
89344 2063 0 1 1.000000
89557 2062 2 1 1.000000
89813 2063 1 1 1.000000
90027 2062 0 1 1.000000
90261 2063 2 1 1.000000
90496 2063 0 1 1.000000
90731 2063 1 1 1.000000
90987 2062 1 1 1.000000
91221 2063 3 1 1.000000
91456 2063 0 1 1.000000
91691 2062 3 1 1.000000
91925 2063 1 1 1.000000
92139 2063 0 1 1.000000
92395 2063 2 1 1.000000
92608 2062 2 1 1.000000
93184 2156 0 1 1.000000
93376 2109 1 1 1.000000
93611 2109 3 1 1.000000
93845 2109 1 1 1.000000
94080 2109 0 1 1.000000
94315 2109 3 1 1.000000
94528 2109 3 1 1.000000
94784 2110 2 1 1.000000
94997 2058 0 1 1.000000
95253 2063 3 1 1.000000
95467 2063 2 1 1.000000
95701 2063 3 1 1.000000
95936 2063 0 1 1.000000
96469 2112 2 1 1.000000
96640 2063 1 1 1.000000
96875 2063 2 1 1.000000
97109 2062 3 1 1.000000
97344 2062 2 1 1.000000
97579 2063 3 1 1.000000
97835 2062 3 1 1.000000
98048 2063 1 1 1.000000
98560 2107 0 1 1.000000
98752 2062 0 1 1.000000
98987 2061 0 1 1.000000
99221 2062 0 1 1.000000
99456 2062 2 1 1.000000
99691 2062 0 1 1.000000
99925 2062 0 1 1.000000
100160 2062 1 1 1.000000
100395 2062 3 1 1.000000
100629 2062 2 1 1.000000
100864 2062 0 1 1.000000
101099 2062 3 1 1.000000
101333 2062 1 1 1.000000
101568 2063 3 1 1.000000
101803 2063 3 1 1.000000
102037 2063 0 1 1.000000
102272 2063 2 1 1.000000
102507 2062 2 1 1.000000
102741 2062 3 1 1.000000
102976 2063 0 1 1.000000
103211 2063 2 1 1.000000
103445 2062 2 1 1.000000
103680 2062 1 1 1.000000
103915 2063 1 1 1.000000
104149 2063 3 1 1.000000
104384 2062 2 1 1.000000
104619 2062 0 1 1.000000
104853 2062 3 1 1.000000
105088 2063 2 1 1.000000
105323 2063 0 1 1.000000
105557 2063 3 1 1.000000
105792 2062 3 1 1.000000
106027 2062 1 1 1.000000
106261 2062 3 1 1.000000
106496 2063 1 1 1.000000
106709 2059 2 1 1.000000
106965 2062 2 1 1.000000
107200 2064 1 1 1.000000
107435 2062 1 1 1.000000
107669 2062 1 1 1.000000
107904 2063 3 1 1.000000
108139 2063 1 1 1.000000
108373 2063 0 1 1.000000
108608 2063 3 1 1.000000
108843 2063 2 1 1.000000
109077 2062 2 1 1.000000
109312 2063 3 1 1.000000
109547 2063 3 1 1.000000
109781 2063 3 1 1.000000
110016 2063 1 1 1.000000
110229 2062 3 1 1.000000
110485 2062 2 1 1.000000
110699 2063 3 1 1.000000
110955 2063 3 1 1.000000
111168 2063 2 1 1.000000
111403 2062 2 1 1.000000
111637 2062 0 1 1.000000
111872 2062 1 1 1.000000
112107 2062 3 1 1.000000
112363 2063 0 1 1.000000
112576 2062 3 1 1.000000
112832 2062 3 1 1.000000
113067 2063 1 1 1.000000
113280 2062 0 1 1.000000
113536 2063 1 1 1.000000
113749 2064 3 1 1.000000
114005 2063 2 1 1.000000
114219 2063 3 1 1.000000
114453 2064 0 1 1.000000
114688 2063 0 1 1.000000
114923 2063 2 1 1.000000
115157 2062 1 1 1.000000
115392 2063 3 1 1.000000
115627 2062 3 1 1.000000
115861 2062 1 1 1.000000
116096 2062 3 1 1.000000
116331 2062 1 1 1.000000
116587 2062 0 1 1.000000
116800 2062 1 1 1.000000
117035 2062 3 1 1.000000
117269 2063 3 1 1.000000
117504 2063 0 1 1.000000
117739 2063 2 1 1.000000
117973 2063 3 1 1.000000
118208 2063 1 1 1.000000
118443 2063 1 1 1.000000
118677 2063 0 1 1.000000
118912 2063 3 1 1.000000
119147 2063 2 1 1.000000
119381 2063 3 1 1.000000
119616 2063 3 1 1.000000
119851 2062 2 1 1.000000
120085 2063 1 1 1.000000
120320 2063 2 1 1.000000
120555 2062 2 1 1.000000
120789 2063 2 1 1.000000
121024 2062 3 1 1.000000
121259 2062 3 1 1.000000
121771 2109 2 1 1.000000
121963 2062 2 1 1.000000
122475 2109 2 1 1.000000
122667 2062 0 1 1.000000
122901 2063 3 1 1.000000
123136 2062 1 1 1.000000
123349 2063 0 1 1.000000
123605 2063 2 1 1.000000
124352 2109 2 1 1.000000
124544 2063 1 1 1.000000
124779 2063 1 1 1.000000
125013 2063 1 1 1.000000
125248 2063 1 1 1.000000
125760 2109 1 1 1.000000
125952 2062 1 1 1.000000
126464 2109 3 1 1.000000
126656 2062 1 1 1.000000
126869 2062 3 1 1.000000
127125 2063 2 1 1.000000
127339 2063 1 1 1.000000
127573 2063 2 1 1.000000
127829 2062 0 1 1.000000
128064 2063 0 1 1.000000
128299 2063 2 1 1.000000
128533 2063 0 1 1.000000
128747 2062 1 1 1.000000
129003 2063 1 1 1.000000
129216 2062 0 1 1.000000
129728 2110 0 1 1.000000
129920 2063 2 1 1.000000
130432 2109 3 1 1.000000
130624 2062 0 1 1.000000
130859 2063 0 1 1.000000
131392 2109 1 1 1.000000
131563 2063 0 1 1.000000
132096 2110 1 1 1.000000
132267 2063 0 1 1.000000
132523 2062 1 1 1.000000
132736 2063 2 1 1.000000
132971 2063 0 1 1.000000
133227 2062 1 1 1.000000
133717 2110 3 1 1.000000
133909 2062 3 1 1.000000
134144 2062 2 1 1.000000
134379 2062 3 1 1.000000
134613 2062 1 1 1.000000
135147 2109 2 1 1.000000
135317 2063 3 1 1.000000
135552 2063 2 1 1.000000
135787 2063 1 1 1.000000
136021 2062 2 1 1.000000
136256 2062 2 1 1.000000
136491 2063 0 1 1.000000
136725 2063 1 1 1.000000
136960 2062 3 1 1.000000
137195 2063 0 1 1.000000
137429 2063 2 1 1.000000
137664 2062 0 1 1.000000
137899 2062 3 1 1.000000
138133 2062 1 1 1.000000
138368 2063 0 1 1.000000
138603 2063 3 1 1.000000
138837 2062 3 1 1.000000
139072 2063 1 1 1.000000
139307 2062 2 1 1.000000
139541 2062 2 1 1.000000
139776 2063 2 1 1.000000
140011 2062 3 1 1.000000
140245 2063 1 1 1.000000
140480 2062 0 1 1.000000
140715 2062 0 1 1.000000
140928 2063 0 1 1.000000
141461 2110 1 1 1.000000
141653 2063 2 1 1.000000
141888 2063 2 1 1.000000
142123 2063 2 1 1.000000
142357 2063 3 1 1.000000
142592 2062 2 1 1.000000
142827 2063 2 1 1.000000
143061 2062 3 1 1.000000
143317 2090 2 1 1.000000
143531 2077 3 1 1.000000
143765 2078 3 1 1.000000
144000 2077 0 1 1.000000
144235 2077 2 1 1.000000
144469 2078 1 1 1.000000
144704 2079 2 1 1.000000
144960 2081 1 1 1.000000
145195 2078 2 1 1.000000
145365 2051 1 1 1.000000
145600 2063 2 1 1.000000
145835 2063 2 1 1.000000
146069 2063 2 1 1.000000
146304 2064 3 1 1.000000
146539 2063 0 1 1.000000
146773 2062 2 1 1.000000
147008 2059 3 1 1.000000
147243 2063 1 1 1.000000
147477 2063 2 1 1.000000
147712 2063 3 1 1.000000
147947 2062 2 1 1.000000
148459 2110 0 1 1.000000
148651 2062 3 1 1.000000
148885 2063 3 1 1.000000
149120 2063 2 1 1.000000
149355 2063 2 1 1.000000
149589 2063 0 1 1.000000
149824 2062 2 1 1.000000
150059 2062 2 1 1.000000
150293 2062 2 1 1.000000
150805 2109 0 1 1.000000
150976 2063 3 1 1.000000
151232 2063 2 1 1.000000
151467 2062 3 1 1.000000
151701 2062 2 1 1.000000
151936 2062 3 1 1.000000
152171 2062 0 1 1.000000
152405 2063 1 1 1.000000
152640 2063 2 1 1.000000
152875 2063 0 1 1.000000
153109 2063 2 1 1.000000
153344 2063 2 1 1.000000
153557 2063 3 1 1.000000
153813 2062 2 1 1.000000
154027 2063 3 1 1.000000
154283 2063 0 1 1.000000
154496 2063 1 1 1.000000
154731 2063 0 1 1.000000
154987 2062 3 1 1.000000
155200 2063 0 1 1.000000
155456 2062 3 1 1.000000
155669 2062 0 1 1.000000
155925 2062 3 1 1.000000
156139 2063 3 1 1.000000
156373 2063 2 1 1.000000
156608 2063 0 1 1.000000
157141 2109 0 1 1.000000
157312 2063 2 1 1.000000
157547 2062 2 1 1.000000
157781 2062 0 1 1.000000
158016 2063 2 1 1.000000
158251 2062 3 1 1.000000
158507 2063 0 1 1.000000
158720 2062 0 1 1.000000
158976 2062 0 1 1.000000
159189 2063 2 1 1.000000
159424 2064 1 1 1.000000
159659 2063 0 1 1.000000
159893 2063 2 1 1.000000
160128 2062 1 1 1.000000
160363 2063 3 1 1.000000
160597 2063 1 1 1.000000
160832 2063 0 1 1.000000
161067 2063 0 1 1.000000
161301 2062 2 1 1.000000
161813 2109 1 1 1.000000
162027 2062 1 1 1.000000
162240 2063 0 1 1.000000
162475 2062 0 1 1.000000
162709 2063 1 1 1.000000
162944 2062 2 1 1.000000
163456 2109 2 1 1.000000
163648 2062 3 1 1.000000
163883 2062 3 1 1.000000
164117 2062 0 1 1.000000
164352 2062 2 1 1.000000
164587 2063 2 1 1.000000
164821 2062 3 1 1.000000
165056 2062 3 1 1.000000
165291 2062 0 1 1.000000
165525 2063 2 1 1.000000
165760 2062 2 1 1.000000
165995 2062 1 1 1.000000
166229 2062 2 1 1.000000
166464 2062 3 1 1.000000
166677 2062 1 1 1.000000
166933 2062 2 1 1.000000
167147 2062 0 1 1.000000
167403 2063 0 1 1.000000
167637 2063 2 1 1.000000
167872 2062 1 1 1.000000
168107 2063 1 1 1.000000
168341 2064 0 1 1.000000
168576 2063 0 1 1.000000
168811 2063 2 1 1.000000
169045 2063 3 1 1.000000
169280 2063 1 1 1.000000
169515 2063 0 1 1.000000
169749 2063 2 1 1.000000
169984 2063 1 1 1.000000
170197 2062 1 1 1.000000
170731 2109 0 1 1.000000
170923 2063 0 1 1.000000
171136 2063 2 1 1.000000
171371 2063 2 1 1.000000
172373 2109 3 1 1.000000
173056 2109 1 1 1.000000
174485 2110 0 1 1.000000
174656 2063 2 1 1.000000
174891 2063 0 1 1.000000
175147 2062 3 1 1.000000
175360 2063 2 1 1.000000
175595 2063 0 1 1.000000
175829 2062 0 1 1.000000
176064 2063 1 1 1.000000
176299 2062 3 1 1.000000
176533 2062 1 1 1.000000
176768 2063 2 1 1.000000
177003 2064 2 1 1.000000
177237 2063 1 1 1.000000
177472 2063 3 1 1.000000
177707 2063 1 1 1.000000
177941 2063 3 1 1.000000
178176 2063 1 1 1.000000
178411 2063 1 1 1.000000
178645 2063 2 1 1.000000
178880 2063 2 1 1.000000
179115 2062 3 1 1.000000
179349 2062 3 1 1.000000
179584 2063 2 1 1.000000
179819 2062 0 1 1.000000
180053 2062 3 1 1.000000
180288 2063 1 1 1.000000
180523 2062 2 1 1.000000
180757 2062 1 1 1.000000
180992 2062 1 1 1.000000
181227 2062 2 1 1.000000
181461 2063 0 1 1.000000
181696 2062 3 1 1.000000
181931 2062 3 1 1.000000
182165 2062 3 1 1.000000
182400 2062 0 1 1.000000
182635 2062 0 1 1.000000
183147 2109 1 1 1.000000
183339 2062 3 1 1.000000
183573 2062 0 1 1.000000
183808 2063 0 1 1.000000
184043 2063 2 1 1.000000
184256 2063 2 1 1.000000
184512 2063 0 1 1.000000
184747 2063 2 1 1.000000
184981 2063 0 1 1.000000
185216 2063 1 1 1.000000
185429 2062 2 1 1.000000
185685 2063 1 1 1.000000
185899 2062 0 1 1.000000
186155 2062 0 1 1.000000
186389 2063 1 1 1.000000
186624 2062 3 1 1.000000
187136 2110 3 1 1.000000
187307 2062 2 1 1.000000
187563 2062 3 1 1.000000
187776 2062 1 1 1.000000
188032 2063 0 1 1.000000
188267 2063 0 1 1.000000
188480 2063 1 1 1.000000
188736 2062 1 1 1.000000
188949 2062 3 1 1.000000
189205 2062 0 1 1.000000
189419 2062 2 1 1.000000
189653 2062 0 1 1.000000
189909 2063 1 1 1.000000
190144 2062 0 1 1.000000
190357 2062 2 1 1.000000
190613 2062 2 1 1.000000
190827 2063 1 1 1.000000
191083 2063 0 1 1.000000
191296 2062 0 1 1.000000
191552 2062 0 1 1.000000
191787 2063 3 1 1.000000
192000 2062 0 1 1.000000
192256 2063 2 1 1.000000
192469 2063 1 1 1.000000
192704 2063 3 1 1.000000
192939 2062 2 1 1.000000
193173 2063 0 1 1.000000
193408 2063 0 1 1.000000
193643 2063 3 1 1.000000
193877 2063 2 1 1.000000
194112 2062 0 1 1.000000
194347 2062 0 1 1.000000
194581 2063 0 1 1.000000
194816 2062 3 1 1.000000
195051 2062 0 1 1.000000
195285 2062 3 1 1.000000
195797 2110 3 1 1.000000
195989 2063 1 1 1.000000
196501 2109 0 1 1.000000
196693 2061 1 1 1.000000
196928 2062 0 1 1.000000
197163 2062 3 1 1.000000
197397 2062 2 1 1.000000
197632 2062 1 1 1.000000
197867 2062 3 1 1.000000
198101 2062 2 1 1.000000
198336 2062 3 1 1.000000
198571 2063 2 1 1.000000
198805 2063 2 1 1.000000
199040 2062 3 1 1.000000
199275 2063 0 1 1.000000
199509 2063 3 1 1.000000
199744 2062 1 1 1.000000
199979 2062 2 1 1.000000
200213 2063 0 1 1.000000
200448 2063 2 1 1.000000
200683 2063 0 1 1.000000
200917 2062 3 1 1.000000
201152 2063 0 1 1.000000
201387 2062 2 1 1.000000
201621 2063 2 1 1.000000
201856 2063 2 1 1.000000
202091 2063 0 1 1.000000
202325 2062 3 1 1.000000
202539 2062 2 1 1.000000
202795 2062 1 1 1.000000
203008 2063 0 1 1.000000
203264 2063 0 1 1.000000
203477 2063 3 1 1.000000
203712 2062 0 1 1.000000
203968 2063 3 1 1.000000
204203 2063 3 1 1.000000
204437 2063 3 1 1.000000
204672 2063 0 1 1.000000
204907 2063 3 1 1.000000
205141 2063 3 1 1.000000
205376 2062 1 1 1.000000
205589 2062 1 1 1.000000
205845 2062 1 1 1.000000
206059 2061 2 1 1.000000
206315 2062 3 1 1.000000
206528 2062 3 1 1.000000
206763 2062 2 1 1.000000
206997 2062 0 1 1.000000
207232 2063 1 1 1.000000
207467 2063 2 1 1.000000
207701 2064 3 1 1.000000
207936 2063 3 1 1.000000
208192 2063 0 1 1.000000
208427 2063 0 1 1.000000
208640 2063 0 1 1.000000
208896 2063 1 1 1.000000
209109 2063 1 1 1.000000
209365 2063 1 1 1.000000
209579 2062 3 1 1.000000
209813 2062 3 1 1.000000
210048 2062 1 1 1.000000
210283 2062 1 1 1.000000
210517 2062 3 1 1.000000
210752 2063 3 1 1.000000
210987 2063 1 1 1.000000
211221 2062 3 1 1.000000
211456 2063 3 1 1.000000
211691 2063 0 1 1.000000
211947 2063 2 1 1.000000
212160 2063 2 1 1.000000
212395 2063 1 1 1.000000
212629 2062 0 1 1.000000
212864 2063 3 1 1.000000
213099 2062 0 1 1.000000
213333 2063 2 1 1.000000
213568 2062 3 1 1.000000
213803 2062 2 1 1.000000
214037 2062 0 1 1.000000
214272 2062 0 1 1.000000
214507 2063 3 1 1.000000
214741 2062 3 1 1.000000
214976 2062 0 1 1.000000
215211 2063 2 1 1.000000
215445 2062 3 1 1.000000
215680 2063 2 1 1.000000
215915 2063 0 1 1.000000
216149 2062 2 1 1.000000
216384 2063 3 1 1.000000
216619 2062 0 1 1.000000
216853 2062 2 1 1.000000
217067 2063 0 1 1.000000
217323 2062 0 1 1.000000
217835 2109 1 1 1.000000
218027 2063 2 1 1.000000
218261 2062 2 1 1.000000
218496 2061 0 1 1.000000
218731 2062 1 1 1.000000
218965 2062 0 1 1.000000
219200 2062 3 1 1.000000
219435 2062 1 1 1.000000
219648 2062 3 1 1.000000
219904 2063 3 1 1.000000
220117 2063 1 1 1.000000
220373 2062 2 1 1.000000
220587 2063 1 1 1.000000
220821 2062 0 1 1.000000
221077 2063 2 1 1.000000
221312 2063 2 1 1.000000
221547 2063 1 1 1.000000
221781 2063 3 1 1.000000
222016 2063 1 1 1.000000
222251 2063 0 1 1.000000
222485 2063 3 1 1.000000
222699 2062 1 1 1.000000
222955 2063 1 1 1.000000
223168 2062 2 1 1.000000
223424 2063 0 1 1.000000
223637 2063 0 1 1.000000
223872 2062 1 1 1.000000
224107 2063 2 1 1.000000
224341 2063 2 1 1.000000
224576 2062 3 1 1.000000
224811 2063 0 1 1.000000
225045 2063 2 1 1.000000
225280 2063 2 1 1.000000
225536 2062 1 1 1.000000
225771 2063 0 1 1.000000
226005 2063 3 1 1.000000
226219 2063 2 1 1.000000
226475 2063 3 1 1.000000
226688 2063 3 1 1.000000
226923 2062 0 1 1.000000
227157 2063 3 1 1.000000
227392 2062 3 1 1.000000
227627 2063 2 1 1.000000
227861 2062 0 1 1.000000
228096 2062 2 1 1.000000
228331 2062 0 1 1.000000
228565 2062 3 1 1.000000
228800 2062 1 1 1.000000
229035 2062 1 1 1.000000
229269 2062 0 1 1.000000
229525 2062 2 1 1.000000
229739 2063 3 1 1.000000
229973 2062 0 1 1.000000
230208 2062 1 1 1.000000
230443 2062 0 1 1.000000
230677 2063 0 1 1.000000
230912 2063 0 1 1.000000
231147 2062 3 1 1.000000
231381 2062 2 1 1.000000
231616 2062 1 1 1.000000
231851 2063 1 1 1.000000
232085 2062 0 1 1.000000
232320 2062 2 1 1.000000
232555 2063 1 1 1.000000
232789 2062 3 1 1.000000
233024 2063 1 1 1.000000
233259 2062 1 1 1.000000
233493 2063 0 1 1.000000
233728 2063 2 1 1.000000
233963 2062 1 1 1.000000
234197 2063 0 1 1.000000
234432 2063 3 1 1.000000
234667 2063 2 1 1.000000
234901 2063 3 1 1.000000
235136 2062 0 1 1.000000
235371 2063 2 1 1.000000
235605 2062 3 1 1.000000
235840 2062 1 1 1.000000
236075 2063 3 1 1.000000
236309 2062 2 1 1.000000
236544 2062 1 1 1.000000
236757 2062 2 1 1.000000
237013 2062 2 1 1.000000
237227 2062 0 1 1.000000
237483 2062 0 1 1.000000
237696 2062 3 1 1.000000
237931 2062 0 1 1.000000
238464 2109 1 1 1.000000
238656 2063 0 1 1.000000
239168 2110 2 1 1.000000
239360 2063 0 1 1.000000
239595 2064 3 1 1.000000
239808 2063 3 1 1.000000
240064 2063 3 1 1.000000
240277 2063 2 1 1.000000
240811 2110 1 1 1.000000
240981 2063 1 1 1.000000
241216 2062 3 1 1.000000
241451 2063 1 1 1.000000
241685 2062 3 1 1.000000
241941 2062 3 1 1.000000
242176 2063 1 1 1.000000
242411 2062 1 1 1.000000
242645 2063 1 1 1.000000
242859 2062 3 1 1.000000
243371 2110 3 1 1.000000
243584 2062 3 1 1.000000
243797 2062 3 1 1.000000
244032 2063 0 1 1.000000
244267 2062 2 1 1.000000
244800 2109 2 1 1.000000
244971 2063 3 1 1.000000
245205 2063 3 1 1.000000
245440 2062 2 1 1.000000
245675 2062 1 1 1.000000
245909 2063 3 1 1.000000
246421 2109 1 1 1.000000
246613 2062 0 1 1.000000
246848 2063 0 1 1.000000
247083 2062 1 1 1.000000
247317 2062 2 1 1.000000
247552 2062 0 1 1.000000
247787 2063 3 1 1.000000
248021 2062 2 1 1.000000
248256 2062 1 1 1.000000
248768 2110 1 1 1.000000
248960 2062 0 1 1.000000
249195 2063 2 1 1.000000
249429 2063 0 1 1.000000
249664 2063 3 1 1.000000
249941 2099 1 1 1.000000
250411 2109 0 1 1.000000
250603 2063 2 1 1.000000
251115 2110 0 1 1.000000
251307 2062 2 1 1.000000
251541 2062 1 1 1.000000
251776 2056 0 1 1.000000
251968 2026 2 1 1.000000
252245 2063 0 1 1.000000
252480 2063 1 1 1.000000
252715 2062 1 1 1.000000
252949 2063 0 1 1.000000
253184 2076 2 1 1.000000
253419 2065 2 1 1.000000
253653 2063 1 1 1.000000
253867 2062 3 1 1.000000
254123 2063 3 1 1.000000
254336 2062 0 1 1.000000
254571 2063 0 1 1.000000
255104 2109 3 1 1.000000
255296 2062 1 1 1.000000
255808 2109 1 1 1.000000
256000 2062 2 1 1.000000
256235 2063 2 1 1.000000
256469 2062 0 1 1.000000
256704 2063 1 1 1.000000
256939 2062 3 1 1.000000
257451 2110 1 1 1.000000
257643 2066 1 1 1.000000
257856 2063 0 1 1.000000
258112 2063 0 1 1.000000
258347 2079 0 1 1.000000
258581 2078 0 1 1.000000
258816 2078 3 1 1.000000
259051 2079 3 1 1.000000
259285 2072 2 1 1.000000
259520 2078 0 1 1.000000
259755 2079 1 1 1.000000
259989 2078 3 1 1.000000
