7296 2063 1 1 1.000000
8469 2110 0 1 1.000000
8555 2063 3 1 1.000000
8704 2063 2 1 1.000000
9173 2110 2 1 1.000000
9259 2062 1 1 1.000000
9877 2109 0 1 1.000000
9963 2062 2 1 1.000000
10112 2062 0 1 1.000000
10261 2062 1 1 1.000000
10389 2062 3 1 1.000000
10539 2063 3 1 1.000000
11563 2109 3 1 1.000000
11797 2063 3 1 1.000000
11925 2062 1 1 1.000000
12971 2110 3 1 1.000000
13397 2110 0 1 1.000000
13611 2063 3 1 1.000000
13760 2062 3 1 1.000000
14037 2062 3 1 1.000000
14187 2062 2 1 1.000000
14336 2063 0 1 1.000000
14784 2110 0 1 1.000000
14891 2063 0 1 1.000000
15509 2109 1 1 1.000000
15595 2062 1 1 1.000000
15744 2063 3 1 1.000000
16213 2112 1 1 1.000000
16768 2109 2 1 1.000000
17195 2109 3 1 1.000000
17429 2063 3 1 1.000000
17557 2062 3 1 1.000000
17685 2062 0 1 1.000000
17835 2063 2 1 1.000000
17984 2062 0 1 1.000000
18603 2110 2 1 1.000000
18688 2063 2 1 1.000000
18965 2063 0 1 1.000000
19264 2063 2 1 1.000000
19392 2063 3 1 1.000000
19861 2110 0 1 1.000000
19947 2062 2 1 1.000000
20416 2109 1 1 1.000000
20523 2062 2 1 1.000000
21129 2109 2 1 1.100000
21222 2063 2 1 1.100000
21387 2062 3 1 1.100000
21903 2109 2 1 1.100000
22558 2109 2 1 1.200000
22686 2062 0 1 1.200000
23019 2063 2 1 1.200000
23351 2063 3 1 1.200000
23531 2063 2 1 1.200000
23684 2064 1 1 1.200000
24043 2063 3 1 1.200000
24196 2062 3 1 1.200000
24529 2063 2 1 1.200000
24708 2063 1 1 1.200000
25041 2063 3 1 1.200000
25220 2063 0 1 1.200000
25374 2063 3 1 1.200000
25553 2063 0 1 1.200000
25732 2062 0 1 1.200000
26065 2062 1 1 1.200000
26244 2063 0 1 1.200000
26398 2062 0 1 1.200000
26731 2063 3 1 1.200000
26910 2062 3 1 1.200000
27089 2062 0 1 1.200000
27243 2063 1 1 1.200000
27575 2062 1 1 1.200000
27908 2062 2 1 1.200000
28267 2063 0 1 1.200000
28599 2062 1 1 1.200000
28753 2063 2 1 1.200000
28932 2063 0 1 1.200000
29111 2062 3 1 1.200000
29265 2062 0 1 1.200000
29419 2063 1 1 1.200000
29777 2062 1 1 1.200000
29956 2063 3 1 1.200000
30110 2063 3 1 1.200000
30443 2063 1 1 1.200000
30622 2063 0 1 1.200000
30775 2062 1 1 1.200000
30955 2063 0 1 1.200000
31287 2062 0 1 1.200000
31620 2062 1 1 1.200000
31953 2062 0 1 1.200000
32311 2062 1 1 1.200000
32465 2062 2 1 1.200000
32644 2063 3 1 1.200000
32823 2063 1 1 1.200000
32977 2063 2 1 1.200000
33156 2062 0 1 1.200000
33489 2063 0 1 1.200000
33643 2062 3 1 1.200000
33822 2062 0 1 1.200000
34001 2063 2 1 1.200000
34155 2063 2 1 1.200000
34334 2063 2 1 1.200000
34487 2064 0 1 1.200000
34667 2062 1 1 1.200000
34820 2062 0 1 1.200000
34999 2062 1 1 1.200000
35179 2063 3 1 1.200000
35332 2062 2 1 1.200000
35511 2062 1 1 1.200000
35665 2063 0 1 1.200000
35844 2063 3 1 1.200000
36023 2062 3 1 1.200000
36177 2063 1 1 1.200000
36356 2062 2 1 1.200000
36510 2063 2 1 1.200000
36689 2062 2 1 1.200000
36868 2062 2 1 1.200000
37022 2063 3 1 1.200000
37201 2062 2 1 1.200000
37380 2063 3 1 1.200000
37534 2063 1 1 1.200000
37687 2063 2 1 1.200000
37867 2062 0 1 1.200000
38046 2062 0 1 1.200000
38225 2062 1 1 1.200000
38379 2063 1 1 1.200000
38532 2062 0 1 1.200000
38711 2062 1 1 1.200000
38891 2063 3 1 1.200000
39044 2062 0 1 1.200000
39223 2063 1 1 1.200000
39377 2062 2 1 1.200000
39556 2062 2 1 1.200000
39889 2062 3 1 1.200000
40247 2063 2 1 1.200000
40401 2061 0 1 1.200000
40555 2050 1 1 1.200000
40734 2062 2 1 1.200000
40913 2062 1 1 1.200000
41092 2062 0 1 1.200000
41246 2062 3 1 1.200000
41425 2063 0 1 1.200000
41579 2063 2 1 1.200000
41758 2062 0 1 1.200000
41911 2063 1 1 1.200000
42091 2063 3 1 1.200000
42270 2062 2 1 1.200000
42449 2063 3 1 1.200000
42603 2062 3 1 1.200000
42935 2063 1 1 1.200000
43115 2062 1 1 1.200000
43268 2063 3 1 1.200000
43601 2063 0 1 1.200000
43780 2062 0 1 1.200000
43959 2062 2 1 1.200000
44113 2062 1 1 1.200000
44292 2062 3 1 1.200000
44446 2062 2 1 1.200000
44625 2063 3 1 1.200000
44779 2062 1 1 1.200000
44958 2062 2 1 1.200000
45137 2063 0 1 1.200000
45316 2062 3 1 1.200000
45470 2063 3 1 1.200000
45623 2062 0 1 1.200000
45803 2062 3 1 1.200000
45982 2063 1 1 1.200000
46135 2063 1 1 1.200000
46315 2063 0 1 1.200000
46468 2062 0 1 1.200000
46647 2063 1 1 1.200000
46980 2062 1 1 1.200000
47159 2062 3 1 1.200000
47313 2063 0 1 1.200000
47467 2063 2 1 1.200000
47646 2062 1 1 1.200000
47825 2062 2 1 1.200000
48004 2062 3 1 1.200000
48183 2063 0 1 1.200000
48491 2063 2 1 1.200000
48670 2063 0 1 1.200000
48823 2063 2 1 1.200000
49003 2063 2 1 1.200000
49182 2063 2 1 1.200000
49361 2063 1 1 1.200000
49515 2063 2 1 1.200000
49694 2063 3 1 1.200000
49847 2063 1 1 1.200000
50027 2063 0 1 1.200000
50180 2062 0 1 1.200000
50359 2063 1 1 1.200000
50513 2063 1 1 1.200000
50692 2062 3 1 1.200000
50871 2063 2 1 1.200000
51025 2064 2 1 1.200000
51204 2063 1 1 1.200000
51383 2063 0 1 1.200000
51537 2062 3 1 1.200000
51691 2063 2 1 1.200000
51870 2062 3 1 1.200000
52049 2062 1 1 1.200000
52228 2062 1 1 1.200000
52382 2063 0 1 1.200000
52561 2062 1 1 1.200000
52740 2063 3 1 1.200000
52894 2062 2 1 1.200000
53047 2063 1 1 1.200000
53227 2063 2 1 1.200000
53380 2062 0 1 1.200000
53585 2062 1 1 1.200000
53739 2062 2 1 1.200000
53892 2062 1 1 1.200000
54071 2062 0 1 1.200000
54225 2063 3 1 1.200000
54404 2062 2 1 1.200000
54583 2063 2 1 1.200000
54737 2062 1 1 1.200000
54916 2063 1 1 1.200000
55070 2063 3 1 1.200000
55249 2062 3 1 1.200000
55428 2063 1 1 1.200000
55582 2064 3 1 1.200000
55761 2062 3 1 1.200000
55940 2063 1 1 1.200000
56094 2062 3 1 1.200000
56273 2062 2 1 1.200000
56427 2062 2 1 1.200000
56606 2064 3 1 1.200000
56785 2063 1 1 1.200000
56939 2057 2 1 1.200000
57118 2062 2 1 1.200000
57271 2063 3 1 1.200000
57451 2063 1 1 1.200000
58014 2109 3 1 1.200000
58295 2062 3 1 1.200000
58449 2062 0 1 1.200000
58628 2063 3 1 1.200000
58782 2062 1 1 1.200000
58961 2063 0 1 1.200000
59140 2063 3 1 1.200000
59294 2063 2 1 1.200000
59652 2063 1 1 1.200000
60215 2110 2 1 1.200000
60292 2063 1 1 1.200000
60651 2063 1 1 1.200000
60830 2063 2 1 1.200000
61009 2063 3 1 1.200000
61726 2108 0 1 1.200000
62007 2062 3 1 1.200000
62187 2062 0 1 1.200000
62340 2063 2 1 1.200000
62494 2062 1 1 1.200000
62673 2061 2 1 1.200000
62852 2062 0 1 1.200000
63006 2062 1 1 1.200000
63185 2062 1 1 1.200000
63748 2109 1 1 1.200000
63851 2063 0 1 1.200000
64030 2063 3 1 1.200000
64363 2063 2 1 1.200000
64516 2063 0 1 1.200000
65105 2109 0 1 1.200000
65361 2063 3 1 1.200000
65540 2062 1 1 1.200000
65719 2063 0 1 1.200000
65873 2063 2 1 1.200000
66052 2062 1 1 1.200000
66231 2063 2 1 1.200000
66385 2062 3 1 1.200000
66564 2062 1 1 1.200000
66718 2063 3 1 1.200000
66897 2062 0 1 1.200000
67639 2110 1 1 1.200000
67742 2062 0 1 1.200000
67921 2062 2 1 1.200000
68075 2062 1 1 1.200000
68254 2062 3 1 1.200000
68407 2062 1 1 1.200000
68587 2062 3 1 1.200000
68740 2062 0 1 1.200000
69099 2062 0 1 1.200000
69278 2062 0 1 1.200000
69431 2062 0 1 1.200000
70148 2109 1 1 1.200000
70276 2062 2 1 1.200000
70430 2063 2 1 1.200000
70609 2063 3 1 1.200000
70942 2063 0 1 1.200000
71121 2063 3 1 1.200000
71275 2063 1 1 1.200000
71428 2062 1 1 1.200000
71787 2062 2 1 1.200000
72145 2062 0 1 1.200000
72299 2063 2 1 1.200000
72452 2063 3 1 1.200000
72631 2063 1 1 1.200000
72964 2063 1 1 1.200000
73143 2062 0 1 1.200000
73323 2062 1 1 1.200000
73476 2063 3 1 1.200000
73630 2062 2 1 1.200000
73809 2063 3 1 1.200000
73988 2063 3 1 1.200000
74142 2063 0 1 1.200000
74321 2063 0 1 1.200000
74500 2063 1 1 1.200000
74654 2063 0 1 1.200000
74833 2062 3 1 1.200000
74987 2062 3 1 1.200000
75166 2062 0 1 1.200000
75345 2063 0 1 1.200000
75499 2063 1 1 1.200000
75652 2063 0 1 1.200000
75831 2063 0 1 1.200000
76011 2062 1 1 1.200000
76164 2062 0 1 1.200000
76343 2063 2 1 1.200000
76523 2063 1 1 1.200000
76855 2062 2 1 1.200000
77009 2063 0 1 1.200000
77188 2064 1 1 1.200000
77367 2063 0 1 1.200000
77521 2063 0 1 1.200000
77700 2062 3 1 1.200000
77879 2062 2 1 1.200000
78033 2062 3 1 1.200000
78187 2062 0 1 1.200000
78366 2062 2 1 1.200000
78545 2063 1 1 1.200000
78724 2063 3 1 1.200000
78878 2063 1 1 1.200000
79031 2062 2 1 1.200000
79211 2063 0 1 1.200000
79390 2063 2 1 1.200000
79543 2062 2 1 1.200000
79723 2063 0 1 1.200000
79876 2063 3 1 1.200000
80081 2063 0 1 1.200000
80235 2064 3 1 1.200000
80388 2062 1 1 1.200000
80567 2062 1 1 1.200000
80747 2062 1 1 1.200000
80900 2062 0 1 1.200000
81079 2063 1 1 1.200000
81233 2063 2 1 1.200000
81412 2063 0 1 1.200000
81591 2062 1 1 1.200000
81745 2063 2 1 1.200000
81924 2062 1 1 1.200000
82078 2064 2 1 1.200000
82257 2062 0 1 1.200000
82411 2062 3 1 1.200000
82590 2062 0 1 1.200000
82769 2062 2 1 1.200000
82948 2062 1 1 1.200000
83102 2063 1 1 1.200000
83255 2063 1 1 1.200000
83435 2062 3 1 1.200000
83614 2063 0 1 1.200000
83767 2064 2 1 1.200000
83947 2072 0 1 1.200000
84279 2063 2 1 1.200000
84459 2064 0 1 1.200000
84612 2063 0 1 1.200000
84791 2063 2 1 1.200000
84945 2063 2 1 1.200000
85124 2063 2 1 1.200000
85278 2062 0 1 1.200000
85457 2063 0 1 1.200000
85636 2063 2 1 1.200000
85790 2064 3 1 1.200000
85969 2063 0 1 1.200000
86148 2062 0 1 1.200000
86302 2064 2 1 1.200000
86404 2053 2 1 1.200000
86583 2062 2 1 1.200000
86763 2062 3 1 1.200000
86916 2062 0 1 1.200000
87095 2062 1 1 1.200000
87326 1969 0 2 1.200000
87479 1829 3 2 1.200000
87659 1687 2 2 1.200000
87812 1547 1 2 1.200000
87991 1405 3 2 1.200000
88171 1266 3 2 1.200000
88375 1171 3 1 1.200000
88555 1172 1 1 1.200000
88785 1218 2 1 1.200000
89092 1358 2 1 1.200000
89451 1500 1 1 1.200000
89809 1640 0 1 1.200000
90116 1782 0 1 1.200000
90475 1922 1 1 1.200000
90807 2062 0 1 1.200000
90961 2063 1 1 1.200000
91319 2063 2 1 1.200000
91473 2062 3 1 1.200000
91652 2063 0 1 1.200000
91806 2063 1 1 1.200000
91985 2063 2 1 1.200000
92164 2062 2 1 1.200000
92318 2063 1 1 1.200000
92497 2063 2 1 1.200000
92676 2062 1 1 1.200000
92830 2063 3 1 1.200000
92983 2062 2 1 1.200000
93163 2063 2 1 1.200000
93316 2063 3 1 1.200000
93495 2062 1 1 1.200000
93675 2063 1 1 1.200000
93854 2064 0 1 1.200000
94007 2063 3 1 1.200000
94187 2063 0 1 1.200000
94340 2062 3 1 1.200000
94519 2062 1 1 1.200000
94673 2063 2 1 1.200000
94852 2062 2 1 1.200000
95031 2063 2 1 1.200000
95211 2062 0 1 1.200000
95364 2062 2 1 1.200000
95518 2062 2 1 1.200000
95697 2062 1 1 1.200000
95851 2062 1 1 1.200000
96030 2062 3 1 1.200000
96209 2062 1 1 1.200000
96363 2062 0 1 1.200000
96542 2062 2 1 1.200000
96721 2062 0 1 1.200000
96875 2062 1 1 1.200000
97054 2062 1 1 1.200000
97207 2062 3 1 1.200000
97361 2063 2 1 1.200000
97540 2062 0 1 1.200000
97719 2063 2 1 1.200000
97899 2062 0 1 1.200000
98052 2063 2 1 1.200000
98231 2063 1 1 1.200000
98385 2063 0 1 1.200000
98564 2062 0 1 1.200000
98718 2062 0 1 1.200000
98897 2063 0 1 1.200000
99255 2064 3 1 1.200000
99409 2063 1 1 1.200000
99563 2062 0 1 1.200000
99742 2062 0 1 1.200000
99921 2063 3 1 1.200000
100075 2063 1 1 1.200000
100254 2062 0 1 1.200000
100433 2063 0 1 1.200000
100587 2062 3 1 1.200000
100766 2062 2 1 1.200000
100919 2063 2 1 1.200000
101099 2063 2 1 1.200000
101278 2062 3 1 1.200000
101431 2062 2 1 1.200000
101585 2062 3 1 1.200000
101764 2062 0 1 1.200000
101943 2063 3 1 1.200000
102123 2062 0 1 1.200000
102276 2062 0 1 1.200000
102455 2062 0 1 1.200000
102609 2062 2 1 1.200000
102788 2062 3 1 1.200000
102942 2062 1 1 1.200000
103121 2062 3 1 1.200000
103300 2062 1 1 1.200000
103479 2063 0 1 1.200000
103633 2063 3 1 1.200000
103787 2063 1 1 1.200000
103966 2062 1 1 1.200000
104145 2063 2 1 1.200000
104299 2062 2 1 1.200000
104478 2062 3 1 1.200000
104631 2062 2 1 1.200000
104811 2063 2 1 1.200000
104990 2063 2 1 1.200000
105143 2067 0 1 1.200000
105323 2063 0 1 1.200000
105655 2064 3 1 1.200000
105988 2063 1 1 1.200000
106167 2063 0 1 1.200000
106347 2063 1 1 1.200000
106500 2062 3 1 1.200000
106654 2063 2 1 1.200000
106833 2063 1 1 1.200000
106987 2062 1 1 1.200000
107345 2062 2 1 1.200000
107524 2062 1 1 1.200000
107857 2062 0 1 1.200000
108190 2062 3 1 1.200000
108343 2062 3 1 1.200000
108523 2062 3 1 1.200000
108676 2063 0 1 1.200000
109035 2063 1 1 1.200000
109188 2062 1 1 1.200000
109367 2061 3 1 1.200000
109700 2062 1 1 1.200000
109854 2064 1 1 1.200000
110033 2063 3 1 1.200000
110212 2063 1 1 1.200000
110391 2062 1 1 1.200000
110545 2063 0 1 1.200000
110699 2063 3 1 1.200000
110878 2063 1 1 1.200000
111057 2064 1 1 1.200000
111211 2063 0 1 1.200000
111390 2063 0 1 1.200000
111569 2063 3 1 1.200000
111748 2063 2 1 1.200000
111902 2063 2 1 1.200000
112055 2063 2 1 1.200000
112235 2062 2 1 1.200000
112414 2063 2 1 1.200000
112567 2062 2 1 1.200000
112747 2062 2 1 1.200000
112900 2063 3 1 1.200000
113079 2062 0 1 1.200000
113259 2062 1 1 1.200000
113412 2062 2 1 1.200000
113591 2062 0 1 1.200000
113745 2063 0 1 1.200000
113924 2061 2 1 1.200000
114078 2062 2 1 1.200000
114257 2063 0 1 1.200000
114436 2062 1 1 1.200000
114590 2062 0 1 1.200000
114769 2063 0 1 1.200000
114948 2063 0 1 1.200000
115102 2063 1 1 1.200000
115255 2062 0 1 1.200000
115435 2062 1 1 1.200000
115614 2063 3 1 1.200000
115793 2062 3 1 1.200000
115947 2062 3 1 1.200000
116126 2062 0 1 1.200000
116279 2063 2 1 1.200000
116459 2063 0 1 1.200000
116612 2062 2 1 1.200000
116791 2062 2 1 1.200000
116945 2062 3 1 1.200000
117124 2061 0 1 1.200000
117303 2062 0 1 1.200000
117457 2062 3 1 1.200000
117636 2062 2 1 1.200000
117815 2062 2 1 1.200000
117969 2063 0 1 1.200000
118148 2062 0 1 1.200000
118302 2063 0 1 1.200000
118481 2062 1 1 1.200000
118660 2063 0 1 1.200000
118814 2062 1 1 1.200000
118993 2059 0 1 1.200000
119147 2063 0 1 1.200000
119326 2063 1 1 1.200000
119479 2062 1 1 1.200000
119659 2063 0 1 1.200000
119812 2062 0 1 1.200000
120017 2063 0 1 1.200000
120171 2063 0 1 1.200000
120324 2063 1 1 1.200000
120503 2062 0 1 1.200000
120657 2062 0 1 1.200000
120836 2062 1 1 1.200000
121015 2063 1 1 1.200000
121169 2063 1 1 1.200000
121348 2063 1 1 1.200000
121527 2063 0 1 1.200000
121681 2063 0 1 1.200000
121860 2062 3 1 1.200000
122014 2063 0 1 1.200000
122193 2062 1 1 1.200000
122347 2063 0 1 1.200000
122526 2062 0 1 1.200000
122705 2063 0 1 1.200000
122859 2061 1 1 1.200000
123038 2063 2 1 1.200000
123217 2063 0 1 1.200000
123371 2063 0 1 1.200000
123524 2063 0 1 1.200000
123703 2062 2 1 1.200000
123883 2062 1 1 1.200000
124036 2062 2 1 1.200000
124395 2062 0 1 1.200000
124548 2062 2 1 1.200000
124727 2063 0 1 1.200000
124881 2063 0 1 1.200000
125060 2063 2 1 1.200000
125214 2063 1 1 1.200000
125393 2063 3 1 1.200000
125572 2061 1 1 1.200000
125751 2066 2 1 1.200000
125905 2062 1 1 1.200000
126059 2063 0 1 1.200000
126238 2063 2 1 1.200000
126417 2063 0 1 1.200000
126571 2063 0 1 1.200000
126724 2062 2 1 1.200000
126929 2063 1 1 1.200000
127083 2062 0 1 1.200000
127262 2063 3 1 1.200000
127415 2062 2 1 1.200000
127595 2062 1 1 1.200000
127748 2062 1 1 1.200000
127927 2063 0 1 1.200000
128081 2062 1 1 1.200000
128260 2063 0 1 1.200000
128439 2063 1 1 1.200000
128593 2062 1 1 1.200000
128772 2063 0 1 1.200000
128951 2062 2 1 1.200000
129105 2062 3 1 1.200000
129284 2063 0 1 1.200000
129438 2063 0 1 1.200000
129617 2063 2 1 1.200000
129796 2063 3 1 1.200000
129950 2063 0 1 1.200000
130129 2063 0 1 1.200000
130283 2062 2 1 1.200000
130462 2062 3 1 1.200000
130641 2062 2 1 1.200000
130795 2062 3 1 1.200000
130948 2062 2 1 1.200000
131127 2063 2 1 1.200000
131307 2063 1 1 1.200000
131486 2063 2 1 1.200000
131639 2062 1 1 1.200000
131819 2062 1 1 1.200000
131972 2063 3 1 1.200000
132151 2065 1 1 1.200000
132305 2062 0 1 1.200000
132484 2063 3 1 1.200000
132663 2062 3 1 1.200000
132817 2063 1 1 1.200000
132996 2062 3 1 1.200000
133150 2062 1 1 1.200000
133329 2063 2 1 1.200000
133483 2062 3 1 1.200000
133662 2063 1 1 1.200000
133841 2063 2 1 1.200000
134020 2062 3 1 1.200000
134174 2063 2 1 1.200000
134327 2062 1 1 1.200000
134507 2062 1 1 1.200000
134686 2063 2 1 1.200000
134839 2062 3 1 1.200000
135019 2063 2 1 1.200000
135172 2063 1 1 1.200000
135351 2062 1 1 1.200000
135531 2063 0 1 1.200000
135684 2063 0 1 1.200000
135863 2062 0 1 1.200000
136017 2063 0 1 1.200000
136196 2062 1 1 1.200000
136375 2063 1 1 1.200000
136529 2063 3 1 1.200000
136708 2062 3 1 1.200000
136862 2063 2 1 1.200000
137041 2063 3 1 1.200000
137220 2062 1 1 1.200000
137374 2064 2 1 1.200000
137553 2062 0 1 1.200000
137707 2063 2 1 1.200000
137886 2063 2 1 1.200000
138065 2062 1 1 1.200000
138398 2062 0 1 1.200000
138577 2062 0 1 1.200000
138884 2062 1 1 1.200000
139063 2063 3 1 1.200000
139396 2062 2 1 1.200000
139575 2063 3 1 1.200000
139755 2063 1 1 1.200000
139908 2062 0 1 1.200000
140062 2063 3 1 1.200000
140241 2062 3 1 1.200000
140420 2063 1 1 1.200000
140574 2063 0 1 1.200000
140753 2062 0 1 1.200000
144798 2062 0 1 1.200000
145361 2110 3 1 1.200000
145489 2062 2 1 1.200000
145643 2064 0 1 1.200000
145822 2063 3 1 1.200000
145975 2063 2 1 1.200000
147230 2109 1 1 1.200000
147332 2062 3 1 1.200000
147895 2108 0 1 1.200000
148407 2109 2 1 1.200000
148510 2062 1 1 1.200000
149073 2109 1 1 1.200000
149201 2063 2 1 1.200000
149764 2109 3 1 1.200000
150251 2109 1 1 1.200000
150942 2109 2 1 1.200000
151223 2062 2 1 1.200000
152094 2108 0 1 1.200000
152785 2109 0 1 1.200000
152887 2062 3 1 1.200000
153067 2062 1 1 1.200000
153246 2062 3 1 1.200000
153425 2063 2 1 1.200000
153579 2063 2 1 1.200000
153911 2063 1 1 1.200000
154091 2062 2 1 1.200000
154423 2062 1 1 1.200000
154603 2063 1 1 1.200000
154756 2063 2 1 1.200000
155319 2110 3 1 1.200000
156011 2110 3 1 1.200000
156113 2063 0 1 1.200000
156292 2063 1 1 1.200000
156625 2063 0 1 1.200000
156779 2063 1 1 1.200000
156958 2063 0 1 1.200000
157111 2063 1 1 1.200000
157291 2063 0 1 1.200000
157854 2109 0 1 1.200000
157956 2062 2 1 1.200000
158135 2063 0 1 1.200000
158468 2062 2 1 1.200000
158647 2063 3 1 1.200000
158980 2063 1 1 1.200000
159723 2109 0 1 1.200000
159825 2063 0 1 1.200000
159979 2063 1 1 1.200000
160158 2062 3 1 1.200000
160337 2063 2 1 1.200000
160516 2062 2 1 1.200000
160670 2062 1 1 1.200000
160823 2062 3 1 1.200000
161156 2061 2 1 1.200000
161515 2062 0 1 1.200000
162231 2109 3 1 1.200000
162359 2062 3 1 1.200000
162692 2062 1 1 1.200000
162846 2062 0 1 1.200000
163767 2110 1 1 1.200000
164023 2062 2 1 1.200000
164203 2062 3 1 1.200000
164382 2062 1 1 1.200000
164561 2063 2 1 1.200000
164715 2063 0 1 1.200000
165278 2109 1 1 1.200000
165943 2110 1 1 1.200000
166071 2063 1 1 1.200000
166225 2063 0 1 1.200000
166404 2064 2 1 1.200000
166583 2063 3 1 1.200000
167147 2109 1 1 1.200000
167428 2062 3 1 1.200000
167761 2063 1 1 1.200000
167915 2063 0 1 1.200000
168094 2062 3 1 1.200000
168247 2063 0 1 1.200000
168427 2063 3 1 1.200000
168606 2062 3 1 1.200000
168939 2062 1 1 1.200000
169271 2063 3 1 1.200000
169451 2063 0 1 1.200000
169604 2063 0 1 1.200000
169783 2063 2 1 1.200000
169937 2063 2 1 1.200000
170116 2063 3 1 1.200000
170295 2062 3 1 1.200000
170628 2063 2 1 1.200000
170782 2062 1 1 1.200000
170961 2063 1 1 1.200000
171140 2063 0 1 1.200000
171294 2062 0 1 1.200000
171627 2062 0 1 1.200000
171806 2062 2 1 1.200000
171985 2063 0 1 1.200000
172139 2062 1 1 1.200000
172318 2062 3 1 1.200000
172855 2110 0 1 1.200000
173163 2062 1 1 1.200000
173495 2064 2 1 1.200000
173649 2062 0 1 1.200000
173828 2063 0 1 1.200000
173982 2063 3 1 1.200000
174340 2062 1 1 1.200000
175415 2110 1 1 1.200000
175518 2062 2 1 1.200000
175697 2062 0 1 1.200000
176030 2062 3 1 1.200000
176183 2063 0 1 1.200000
176363 2063 3 1 1.200000
176695 2062 1 1 1.200000
176849 2063 2 1 1.200000
177028 2063 3 1 1.200000
177207 2062 1 1 1.200000
177540 2066 1 1 1.200000
177873 2062 1 1 1.200000
178206 2063 1 1 1.200000
178385 2063 3 1 1.200000
178564 2062 2 1 1.200000
178743 2064 0 1 1.200000
178897 2062 0 1 1.200000
179051 2062 2 1 1.200000
179230 2063 1 1 1.200000
179383 2062 3 1 1.200000
179742 2062 1 1 1.200000
179895 2063 3 1 1.200000
180075 2063 3 1 1.200000
180254 2062 1 1 1.200000
180407 2062 0 1 1.200000
180587 2063 1 1 1.200000
180740 2062 1 1 1.200000
180894 2062 1 1 1.200000
181252 2062 1 1 1.200000
181431 2063 2 1 1.200000
181585 2063 3 1 1.200000
181764 2063 3 1 1.200000
181918 2063 3 1 1.200000
182097 2064 1 1 1.200000
182251 2063 1 1 1.200000
182430 2063 3 1 1.200000
182609 2063 3 1 1.200000
182788 2063 2 1 1.200000
182942 2062 2 1 1.200000
183095 2062 2 1 1.200000
183275 2063 1 1 1.200000
183454 2062 1 1 1.200000
183607 2063 2 1 1.200000
183787 2062 2 1 1.200000
183940 2062 0 1 1.200000
184299 2062 0 1 1.200000
184452 2062 1 1 1.200000
184631 2063 0 1 1.200000
184811 2062 0 1 1.200000
184964 2062 0 1 1.200000
185118 2063 0 1 1.200000
185297 2065 1 1 1.200000
185476 2062 3 1 1.200000
185655 2062 2 1 1.200000
185809 2062 0 1 1.200000
186142 2063 0 1 1.200000
186321 2064 1 1 1.200000
186475 2066 2 1 1.200000
186654 2062 0 1 1.200000
186833 2064 1 1 1.200000
187012 2063 1 1 1.200000
187319 2063 3 1 1.200000
187499 2063 0 1 1.200000
187652 2063 3 1 1.200000
188011 2063 3 1 1.200000
188164 2062 0 1 1.200000
188343 2062 0 1 1.200000
188497 2062 1 1 1.200000
188676 2063 0 1 1.200000
188855 2062 2 1 1.200000
189188 2063 1 1 1.200000
189521 2061 0 1 1.200000
189854 2062 2 1 1.200000
190187 2063 0 1 1.200000
190366 2063 2 1 1.200000
190519 2062 0 1 1.200000
190699 2064 0 1 1.200000
190878 2063 0 1 1.200000
191057 2063 1 1 1.200000
191211 2062 3 1 1.200000
191390 2065 1 1 1.200000
191543 2063 3 1 1.200000
191876 2063 0 1 1.200000
192055 2064 2 1 1.200000
192209 2063 0 1 1.200000
192567 2063 2 1 1.200000
192900 2063 3 1 1.200000
193233 2063 1 1 1.200000
193387 2062 1 1 1.200000
193745 2063 1 1 1.200000
193924 2062 3 1 1.200000
194487 2109 2 1 1.200000
195153 2109 2 1 1.200000
195255 2062 0 1 1.200000
195588 2063 1 1 1.200000
195767 2062 1 1 1.200000
195947 2063 0 1 1.200000
196279 2062 0 1 1.200000
196612 2062 0 1 1.200000
196791 2062 3 1 1.200000
196945 2063 2 1 1.200000
197124 2062 1 1 1.200000
197457 2062 3 1 1.200000
197611 2063 1 1 1.200000
197969 2062 2 1 1.200000
198148 2063 2 1 1.200000
199019 2109 2 1 1.200000
199147 2062 3 1 1.200000
199300 2062 3 1 1.200000
199479 2063 0 1 1.200000
199633 2062 2 1 1.200000
199812 2062 3 1 1.200000
199991 2062 0 1 1.200000
200324 2062 2 1 1.200000
200503 2063 2 1 1.200000
200657 2062 2 1 1.200000
200836 2063 3 1 1.200000
200990 2063 0 1 1.200000
201169 2062 1 1 1.200000
201323 2063 1 1 1.200000
201502 2062 0 1 1.200000
201681 2061 3 1 1.200000
201835 2062 2 1 1.200000
202193 2062 1 1 1.200000
202756 2109 2 1 1.200000
202859 2062 1 1 1.200000
203191 2061 3 1 1.200000
203345 2062 2 1 1.200000
203524 2063 2 1 1.200000
203703 2063 1 1 1.200000
203857 2062 1 1 1.200000
204036 2063 0 1 1.200000
204215 2063 3 1 1.200000
204548 2062 1 1 1.200000
205086 2110 3 1 1.200000
205214 2062 3 1 1.200000
205393 2062 2 1 1.200000
206110 2108 2 1 1.200000
206391 2062 1 1 1.200000
206955 2110 3 1 1.200000
207057 2063 3 1 1.200000
207236 2062 0 1 1.200000
207415 2063 3 1 1.200000
207569 2062 3 1 1.200000
207748 2062 3 1 1.200000
208081 2062 2 1 1.200000
208260 2062 2 1 1.200000
208414 2062 2 1 1.200000
208593 2063 0 1 1.200000
208772 2062 0 1 1.200000
208926 2063 1 1 1.200000
209105 2062 2 1 1.200000
209259 2063 1 1 1.200000
209438 2063 0 1 1.200000
209617 2062 0 1 1.200000
209771 2062 1 1 1.200000
209924 2062 3 1 1.200000
210103 2063 1 1 1.200000
210283 2063 2 1 1.200000
210436 2063 1 1 1.200000
210615 2063 1 1 1.200000
210795 2063 3 1 1.200000
210948 2063 1 1 1.200000
211127 2063 1 1 1.200000
211281 2062 2 1 1.200000
211460 2062 3 1 1.200000
211793 2063 2 1 1.200000
211972 2063 1 1 1.200000
212126 2063 0 1 1.200000
212305 2062 1 1 1.200000
212484 2062 0 1 1.200000
212638 2065 0 1 1.200000
212817 2062 3 1 1.200000
212971 2063 3 1 1.200000
213124 2062 1 1 1.200000
213329 2063 0 1 1.200000
213483 2063 3 1 1.200000
213662 2062 3 1 1.200000
213815 2063 3 1 1.200000
213995 2063 2 1 1.200000
214148 2063 3 1 1.200000
214327 2063 2 1 1.200000
214481 2063 1 1 1.200000
214660 2062 3 1 1.200000
214839 2063 2 1 1.200000
215019 2064 3 1 1.200000
215172 2063 2 1 1.200000
215505 2063 2 1 1.200000
215684 2064 3 1 1.200000
215838 2063 2 1 1.200000
216017 2062 1 1 1.200000
216196 2063 3 1 1.200000
216350 2062 1 1 1.200000
216529 2062 1 1 1.200000
216683 2062 2 1 1.200000
216862 2062 1 1 1.200000
217015 2062 3 1 1.200000
217195 2062 2 1 1.200000
217348 2062 3 1 1.200000
217527 2063 3 1 1.200000
217707 2062 2 1 1.200000
217963 2140 3 1 1.200000
218142 2140 3 1 1.200000
218321 2140 3 1 1.200000
218475 2140 2 1 1.200000
218628 2141 3 1 1.200000
218807 2140 3 1 1.200000
218987 2143 0 1 1.200000
219550 2187 1 1 1.200000
219652 2141 1 1 1.200000
219831 2141 2 1 1.200000
219985 2141 0 1 1.200000
220164 2140 0 1 1.200000
220343 2120 1 1 1.200000
220395 2057 2 1 1.200000
220548 2062 1 1 1.200000
220727 2063 2 1 1.200000
220881 2062 2 1 1.200000
221060 2062 3 1 1.200000
221393 2062 1 1 1.200000
221572 2062 0 1 1.200000
221905 2063 2 1 1.200000
222059 2062 0 1 1.200000
222238 2062 3 1 1.200000
222571 2062 2 1 1.200000
222750 2062 1 1 1.200000
223083 2062 0 1 1.200000
223262 2062 0 1 1.200000
223415 2063 2 1 1.200000
223595 2063 0 1 1.200000
223774 2063 3 1 1.200000
223927 2062 2 1 1.200000
224081 2063 2 1 1.200000
224439 2072 0 1 1.200000
224619 2063 1 1 1.200000
224772 2063 0 1 1.200000
224951 2062 2 1 1.200000
225105 2062 2 1 1.200000
225284 2063 2 1 1.200000
225438 2063 2 1 1.200000
225617 2063 0 1 1.200000
225796 2062 0 1 1.200000
225950 2062 2 1 1.200000
226129 2063 2 1 1.200000
226283 2062 3 1 1.200000
226462 2063 3 1 1.200000
226795 2062 2 1 1.200000
226897 2053 3 1 1.200000
227076 2064 2 1 1.200000
227255 2064 3 1 1.200000
227409 2063 0 1 1.200000
227563 2062 1 1 1.200000
227742 2062 1 1 1.200000
227921 2062 2 1 1.200000
228100 2063 0 1 1.200000
228254 2063 1 1 1.200000
228433 2063 0 1 1.200000
228612 2063 1 1 1.200000
228766 2063 0 1 1.200000
228919 2063 3 1 1.200000
229099 2063 3 1 1.200000
229252 2063 3 1 1.200000
229457 2062 2 1 1.200000
229611 2063 1 1 1.200000
229764 2062 2 1 1.200000
229943 2062 3 1 1.200000
230123 2063 2 1 1.200000
230276 2062 1 1 1.200000
230455 2063 2 1 1.200000
230609 2062 1 1 1.200000
230788 2063 1 1 1.200000
230967 2062 2 1 1.200000
231121 2063 3 1 1.200000
231300 2061 0 1 1.200000
231454 2062 0 1 1.200000
231633 2062 3 1 1.200000
231812 2063 0 1 1.200000
231966 2062 2 1 1.200000
232145 2063 1 1 1.200000
232299 2063 1 1 1.200000
232478 2062 0 1 1.200000
232657 2062 3 1 1.200000
232811 2062 1 1 1.200000
232990 2063 2 1 1.200000
233143 2062 2 1 1.200000
233323 2063 2 1 1.200000
233476 2062 1 1 1.200000
233835 2063 1 1 1.200000
234014 2062 3 1 1.200000
234167 2063 2 1 1.200000
234321 2063 2 1 1.200000
234500 2062 0 1 1.200000
234679 2061 2 1 1.200000
234833 2062 0 1 1.200000
235012 2063 3 1 1.200000
235191 2063 0 1 1.200000
235345 2062 0 1 1.200000
235678 2062 2 1 1.200000
236011 2062 0 1 1.200000
236190 2062 0 1 1.200000
236369 2062 2 1 1.200000
236523 2062 0 1 1.200000
236855 2062 1 1 1.200000
237035 2063 0 1 1.200000
237214 2063 0 1 1.200000
237367 2063 0 1 1.200000
237521 2062 3 1 1.200000
237700 2062 3 1 1.200000
237879 2062 3 1 1.200000
238059 2062 3 1 1.200000
238212 2062 3 1 1.200000
238366 2062 3 1 1.200000
238545 2063 1 1 1.200000
238724 2063 2 1 1.200000
238878 2063 1 1 1.200000
239057 2063 1 1 1.200000
239236 2063 3 1 1.200000
239799 2109 2 1 1.200000
239902 2063 2 1 1.200000
240081 2063 0 1 1.200000
240414 2063 3 1 1.200000
240747 2063 0 1 1.200000
240926 2063 1 1 1.200000
241079 2062 1 1 1.200000
241412 2062 3 1 1.200000
241591 2062 3 1 1.200000
241745 2062 2 1 1.200000
242103 2062 3 1 1.200000
242283 2063 2 1 1.200000
242590 2062 3 1 1.200000
242769 2063 0 1 1.200000
242948 2063 0 1 1.200000
243281 2063 2 1 1.200000
243460 2062 2 1 1.200000
243614 2063 2 1 1.200000
243793 2062 1 1 1.200000
243947 2063 2 1 1.200000
244126 2063 1 1 1.200000
244459 2062 0 1 1.200000
244612 2063 3 1 1.200000
244791 2063 0 1 1.200000
244971 2062 2 1 1.200000
245150 2063 3 1 1.200000
245303 2062 2 1 1.200000
245483 2063 1 1 1.200000
245636 2063 3 1 1.200000
245790 2063 0 1 1.200000
245969 2063 0 1 1.200000
246148 2064 0 1 1.200000
246327 2063 2 1 1.200000
246481 2062 0 1 1.200000
246660 2063 1 1 1.200000
246814 2063 0 1 1.200000
246993 2063 2 1 1.200000
247147 2062 2 1 1.200000
247326 2062 2 1 1.200000
247505 2062 2 1 1.200000
247659 2061 0 1 1.200000
247838 2062 0 1 1.200000
247991 2062 3 1 1.200000
248171 2061 3 1 1.200000
248350 2062 3 1 1.200000
248503 2062 1 1 1.200000
248657 2062 2 1 1.200000
248836 2062 2 1 1.200000
249015 2063 1 1 1.200000
249195 2063 3 1 1.200000
249348 2062 1 1 1.200000
249527 2063 1 1 1.200000
249681 2063 3 1 1.200000
249860 2063 2 1 1.200000
250014 2063 2 1 1.200000
250193 2063 3 1 1.200000
250372 2063 3 1 1.200000
250526 2064 1 1 1.200000
250705 2063 1 1 1.200000
250859 2063 1 1 1.200000
251038 2063 0 1 1.200000
251217 2062 3 1 1.200000
251371 2063 2 1 1.200000
251524 2062 1 1 1.200000
251703 2063 1 1 1.200000
251883 2063 2 1 1.200000
252062 2062 1 1 1.200000
252215 2062 3 1 1.200000
252395 2062 2 1 1.200000
252548 2062 0 1 1.200000
252727 2061 2 1 1.200000
252881 2062 0 1 1.200000
253060 2063 3 1 1.200000
253239 2062 1 1 1.200000
253419 2062 0 1 1.200000
253572 2063 3 1 1.200000
253726 2063 2 1 1.200000
253905 2062 1 1 1.200000
254084 2063 1 1 1.200000
254238 2063 2 1 1.200000
254417 2062 3 1 1.200000
254596 2062 0 1 1.200000
254750 2063 2 1 1.200000
254929 2063 0 1 1.200000
255083 2063 2 1 1.200000
255262 2063 3 1 1.200000
255415 2062 1 1 1.200000
255595 2063 1 1 1.200000
255774 2063 1 1 1.200000
255927 2063 2 1 1.200000
256107 2062 0 1 1.200000
256260 2063 3 1 1.200000
256439 2062 3 1 1.200000
256619 2062 2 1 1.200000
256772 2062 0 1 1.200000
256926 2062 2 1 1.200000
257105 2063 0 1 1.200000
257284 2063 1 1 1.200000
257463 2062 2 1 1.200000
257617 2063 2 1 1.200000
257950 2063 2 1 1.200000
258129 2063 0 1 1.200000
258283 2063 1 1 1.200000
258462 2063 3 1 1.200000
258641 2063 3 1 1.200000
258820 2063 1 1 1.200000
258974 2063 0 1 1.200000
259127 2063 2 1 1.200000
259307 2063 0 1 1.200000
259486 2063 0 1 1.200000
259639 2062 1 1 1.200000
259819 2062 2 1 1.200000
260177 2066 1 1 1.200000
260331 2062 2 1 1.200000
260484 2062 2 1 1.200000
260663 2062 1 1 1.200000
260817 2063 2 1 1.200000
260996 2062 0 1 1.200000
261175 2063 2 1 1.200000
261329 2067 0 1 1.200000
261508 2062 1 1 1.200000
261687 2062 2 1 1.200000
261841 2063 0 1 1.200000
262020 2062 0 1 1.200000
262174 2063 1 1 1.200000
262353 2062 0 1 1.200000
262507 2047 0 1 1.200000
262686 2062 3 1 1.200000
262865 2063 3 1 1.200000
263019 2063 1 1 1.200000
263198 2060 2 1 1.200000
263351 2065 3 1 1.200000
263531 2070 3 1 1.200000
263684 2063 1 1 1.200000
263915 2096 3 1 1.200000
264068 2094 1 1 1.200000
264222 2097 1 1 1.200000
264401 2097 2 1 1.200000
264580 2097 1 1 1.200000
264759 2098 0 1 1.200000
264939 2102 0 1 1.200000
265092 2098 3 1 1.200000
265246 2093 2 1 1.200000
265451 2111 2 1 1.200000
265630 2120 3 1 1.200000
265783 2110 1 1 1.200000
265937 2109 0 1 1.200000
266091 2127 3 1 1.200000
266270 2144 2 1 1.200000
266449 2116 3 1 1.200000
266628 2130 3 1 1.200000
266884 2209 2 1 1.200000
267063 2200 0 1 1.200000
267243 2207 0 1 1.200000
267396 2200 0 1 1.200000
267575 2195 1 1 1.200000
267729 2202 2 1 1.200000
267883 2203 2 1 1.200000
268011 2177 1 1 1.200000
268190 2214 0 1 1.200000
268369 2208 2 1 1.200000
268523 2204 1 1 1.200000
268907 2382 1 1 1.200000
269086 2391 0 1 1.200000
269265 2390 1 1 1.200000
269419 2407 0 1 1.200000
269547 2324 1 1 1.200000
269649 2304 0 1 1.200000
269828 2313 1 1 1.200000
269982 2306 3 1 1.200000
270161 2312 2 1 1.200000
270340 2317 1 1 1.200000
270443 2302 0 1 1.200000
270647 2321 2 1 1.200000
270801 2329 1 1 1.200000
270955 2318 2 1 1.200000
271134 2315 1 1 1.200000
271262 2300 1 1 1.200000
271415 2092 1 1 1.200000
271595 2103 2 1 1.200000
271697 2078 0 1 1.200000
271876 2078 0 1 1.200000
272055 2077 0 1 1.200000
272209 2076 1 1 1.200000
272363 2079 3 1 1.200000
272542 2077 1 1 1.200000
272721 2078 0 1 1.200000
272875 2077 1 1 1.200000
273054 2051 2 1 1.200000
273387 2060 3 1 1.200000
273566 2062 3 1 1.200000
273899 2063 2 1 1.200000
274078 2053 1 1 1.200000
274231 2063 1 1 1.200000
274385 2063 1 1 1.200000
274564 2061 3 1 1.200000
274743 2065 3 1 1.200000
274923 2062 0 1 1.200000
275179 2159 2 1 1.200000
275460 2234 2 1 1.200000
275614 2238 3 1 1.200000
275793 2251 2 1 1.200000
275972 2251 3 1 1.200000
