3200 2062 1 1 1.000000
3776 2101 2 1 1.000000
4309 2109 0 1 1.000000
4800 2110 1 1 1.000000
5312 2110 3 1 1.000000
5845 2109 0 1 1.000000
6357 2110 2 1 1.000000
6869 2108 1 1 1.000000
7381 2109 2 1 1.000000
7915 2096 3 1 1.000000
8427 2109 0 1 1.000000
8939 2110 2 1 1.000000
9451 2102 3 1 1.000000
11008 2110 1 1 1.000000
11520 2109 2 1 1.000000
12032 2109 0 1 1.000000
13077 2110 3 1 1.000000
13589 2110 0 1 1.000000
14187 2109 2 1 1.000000
14805 2108 3 1 1.000000
15403 2109 2 1 1.000000
16107 2109 1 1 1.000000
16811 2110 2 1 1.000000
17515 2110 2 1 1.000000
18219 2109 2 1 1.000000
18923 2109 0 1 1.000000
19627 2108 3 1 1.000000
20331 2109 1 1 1.000000
21035 2110 1 1 1.000000
21739 2111 2 1 1.000000
22421 2110 3 1 1.000000
23147 2109 1 1 1.000000
23829 2108 0 1 1.000000
24555 2109 0 1 1.000000
25259 2109 2 1 1.000000
25941 2110 2 1 1.000000
26645 2110 0 1 1.000000
27349 2110 1 1 1.000000
28053 2109 0 1 1.000000
28779 2109 1 1 1.000000
29461 2109 1 1 1.000000
30165 2109 3 1 1.000000
30869 2110 2 1 1.000000
31573 2110 3 1 1.000000
32277 2110 1 1 1.000000
32981 2109 2 1 1.000000
33685 2109 1 1 1.000000
34389 2109 0 1 1.000000
35093 2109 2 1 1.000000
35797 2109 2 1 1.000000
36480 2110 3 1 1.000000
37205 2110 0 1 1.000000
37909 2110 3 1 1.000000
38613 2109 2 1 1.000000
39317 2109 1 1 1.000000
40000 2109 3 1 1.000000
40725 2109 3 1 1.000000
41429 2110 0 1 1.000000
42112 2110 0 1 1.000000
42837 2110 3 1 1.000000
43520 2109 3 1 1.000000
44224 2109 3 1 1.000000
44949 2109 1 1 1.000000
45632 2109 3 1 1.000000
46336 2110 1 1 1.000000
47040 2110 3 1 1.000000
47744 2110 2 1 1.000000
48448 2109 2 1 1.000000
49152 2109 2 1 1.000000
49856 2110 3 1 1.000000
50560 2110 2 1 1.000000
51264 2109 1 1 1.000000
51968 2108 2 1 1.000000
52672 2109 1 1 1.000000
53376 2110 1 1 1.000000
54080 2110 0 1 1.000000
54784 2109 0 1 1.000000
55488 2109 2 1 1.000000
56192 2109 2 1 1.000000
56896 2109 2 1 1.000000
57600 2110 3 1 1.000000
58304 2110 3 1 1.000000
59008 2110 2 1 1.000000
59691 2109 0 1 1.000000
60395 2109 3 1 1.000000
61120 2109 3 1 1.000000
61803 2109 0 1 1.000000
62507 2109 0 1 1.000000
63211 2109 1 1 1.000000
63915 2109 2 1 1.000000
64619 2110 3 1 1.000000
65323 2109 3 1 1.000000
66027 2110 2 1 1.000000
66731 2109 3 1 1.000000
67435 2110 0 1 1.000000
68139 2110 3 1 1.000000
68843 2109 1 1 1.000000
69547 2110 1 1 1.000000
70251 2110 2 1 1.000000
70955 2110 0 1 1.000000
71659 2109 3 1 1.000000
72341 2110 3 1 1.000000
73067 2109 0 1 1.000000
73771 2110 1 1 1.000000
74475 2110 2 1 1.000000
75179 2109 1 1 1.000000
75861 2108 1 1 1.000000
76565 2108 3 1 1.000000
77269 2111 2 1 1.000000
77973 2110 1 1 1.000000
78699 2110 2 1 1.000000
79381 2108 2 1 1.000000
80085 2110 3 1 1.000000
80789 2110 1 1 1.000000
81493 2110 1 1 1.000000
82197 2109 3 1 1.000000
82901 2109 3 1 1.000000
83605 2109 3 1 1.000000
84309 2110 3 1 1.000000
85013 2110 1 1 1.000000
85717 2110 3 1 1.000000
86421 2109 2 1 1.000000
87125 2108 2 1 1.000000
87829 2109 2 1 1.000000
88533 2109 3 1 1.000000
89237 2110 3 1 1.000000
89941 2109 1 1 1.000000
90645 2109 1 1 1.000000
91349 2109 3 1 1.000000
92032 2109 0 1 1.000000
92757 2109 2 1 1.000000
93440 2110 2 1 1.000000
94144 2110 3 1 1.000000
94869 2110 0 1 1.000000
95552 2110 2 1 1.000000
96277 2110 1 1 1.000000
96960 2110 0 1 1.000000
97664 2109 0 1 1.000000
98368 2109 2 1 1.000000
99072 2109 2 1 1.000000
99776 2109 0 1 1.000000
100480 2109 3 1 1.000000
101184 2109 3 1 1.000000
101888 2109 0 1 1.000000
103296 2109 2 1 1.000000
104000 2109 0 1 1.000000
104704 2109 2 1 1.000000
106112 2110 1 1 1.000000
106816 2109 2 1 1.000000
107520 2109 3 1 1.000000
108224 2109 2 1 1.000000
108928 2109 2 1 1.000000
109611 2109 2 1 1.000000
110336 2109 1 1 1.000000
111040 2110 3 1 1.000000
111723 2110 3 1 1.000000
112427 2110 2 1 1.000000
113131 2109 2 1 1.000000
113856 2109 1 1 1.000000
114560 2110 1 1 1.000000
115243 2110 0 1 1.000000
115947 2110 0 1 1.000000
116651 2108 0 1 1.000000
117355 2109 2 1 1.000000
118059 2109 0 1 1.000000
